I:I:Z
11:510
7,19:0,255,0
6,19:0,255,0
1,19:255,0,0
3,19:255,0,0
9,19:0,255,255
4,19:255,255,0
5,19:255,255,0
8,19:0,255,255
0,19:0,255,255
1,18:255,0,0
3,18:255,255,0
2,18:255,255,0
6,18:0,255,0
9,18:0,255,255
4,18:255,255,0
5,18:255,255,0
8,18:0,255,255
0,18:0,255,255
0,17:0,255,255
7,17:247,122,240
6,17:0,0,255
2,17:255,0,0
9,17:128,0,128
4,17:128,0,128
8,17:255,0,0
3,17:255,0,0
1,17:255,165,0
0,16:0,255,255
7,16:247,122,240
6,16:0,0,255
8,16:255,0,0
9,16:255,0,0
3,16:255,0,0
4,16:255,0,0
1,16:255,165,0
8,15:247,122,240
0,15:0,255,255
7,15:247,122,240
6,15:247,122,240
9,15:255,0,0
4,15:255,0,0
1,15:255,165,0
2,15:255,165,0
3,15:128,0,128
8,14:247,122,240
1,14:247,122,240
0,14:247,122,240
7,14:247,122,240
6,14:247,122,240
2,14:128,0,128
3,14:128,0,128
4,14:128,0,128
8,13:247,122,240
7,13:247,122,240
1,13:247,122,240
0,13:247,122,240
8,12:247,122,240
7,12:247,122,240
0,12:247,122,240
0,11:247,122,240
